#My first (promising) attempt at generating a set of clues (from board #003)
sudoku_attempt_clue_103 <- c(
  6,0,4,0,7,0,0,0,5,
  0,9,0,0,4,0,3,0,8,
  0,1,0,0,0,0,0,7,0,
  0,5,9,0,0,0,7,0,6,
  0,6,0,0,9,0,5,0,0,
  2,4,7,0,0,5,0,0,1,
  0,0,5,9,2,0,0,3,4,
  0,0,0,1,0,0,0,0,2,
  9,0,6,3,0,0,0,0,0
)

#The maximum solvability of said set of clues
sudoku_solvable_103 <- c(
  6,3,4,8,7,9,2,1,5,
  7,9,2,5,4,1,3,6,8,
  5,1,8,2,6,3,4,7,9,
  3,5,9,4,1,8,7,2,6,
  8,6,1,7,9,2,5,4,3,
  2,4,7,6,3,5,0,0,1,
  1,0,5,9,2,0,0,3,4,
  4,0,3,1,0,0,0,0,2,
  9,2,6,3,0,4,1,0,7
)

#A shocking discovery (still not solvable, 2 solutions)
sudoku_attempt_clue_103.1 <- c(
  6,0,4,0,7,0,0,0,5,
  0,9,0,0,4,0,3,0,8,
  0,1,0,0,0,0,0,7,0,
  0,5,9,0,0,0,7,0,6,
  0,6,0,0,9,0,5,0,0,
  2,4,7,0,0,5,0,8,1,
  0,0,5,9,2,0,0,3,4,
  0,0,0,1,0,0,0,0,2,
  9,0,6,3,0,0,0,0,0
)

#The maximum solvability of said set of clues
sudoku_solvable_103.1 <- c(
  6,3,4,8,7,9,2,1,5,
  7,9,2,5,4,1,3,6,8,
  5,1,8,2,6,3,4,7,9,
  3,5,9,4,1,8,7,2,6,
  8,6,1,7,9,2,5,4,3,
  2,4,7,6,3,5,9,8,1,
  1,0,5,9,2,0,0,3,4,
  4,0,3,1,5,0,0,9,2,
  9,2,6,3,8,4,1,5,7
)

#A local minimum number of clues to be solvable
sudoku_local_min_clue_103 <- c(
  0,0,4,0,7,0,0,0,5,
  0,0,0,0,4,0,0,0,0,
  0,1,0,0,0,0,0,7,0,
  0,5,9,0,0,0,0,0,0,
  0,6,0,0,9,0,5,0,0,
  2,4,7,0,0,5,0,0,1,
  0,0,5,9,0,0,0,3,4,
  0,8,0,1,0,0,0,0,2,
  9,0,6,3,8,0,0,0,0
)

#First attempt with using constraints
sudoku_attempt_clue_203 <- c(
  6,3,4,8,7,9,2,1,0,
  7,0,0,5,4,0,3,0,0,
  5,0,0,0,0,0,4,0,0,
  3,0,9,0,0,8,7,0,0,
  8,0,0,0,0,0,0,4,0,
  0,0,0,0,0,0,0,0,0,
  1,7,0,0,0,0,0,0,0,
  4,0,3,0,0,0,0,0,0,
  0,0,0,0,0,0,0,0,0
)

#A solvable local minimum of 203
sudoku_local_min_clue_203 <- c(
  6,3,4,8,7,9,2,1,0,
  7,0,0,5,4,0,3,6,0,
  5,1,0,2,6,0,4,7,0,
  3,5,9,0,0,8,7,0,0,
  8,0,0,0,0,0,5,4,3,
  0,0,0,0,0,0,0,0,0,
  1,7,0,0,2,0,0,0,0,
  4,0,3,0,0,0,0,0,0,
  0,0,0,0,0,0,0,0,0
)

#First attempt with using constraints
sudoku_attempt_clue_203.1 <- c(
  6,3,4,8,7,9,2,1,0,
  7,0,0,5,4,0,3,0,0,
  5,0,0,0,0,0,4,0,0,
  3,0,9,0,0,8,7,0,0,
  8,0,0,0,0,0,0,4,0,
  0,0,0,0,0,0,0,0,0,
  1,7,0,0,0,6,0,0,0,
  4,0,3,0,0,0,0,0,0,
  0,0,0,0,0,0,0,0,0
)
