# 000
# Nothing.
empty_board <- rep(0,81)

# 001
# Basic Board
sudoku_full_001 <- c(
  1,2,3,4,5,6,7,8,9,
  4,5,6,7,8,9,1,2,3,
  7,8,9,1,2,3,4,5,6,
  9,1,2,3,4,5,6,7,8,
  3,4,5,6,7,8,9,1,2,
  6,7,8,9,1,2,3,4,5,
  8,9,1,2,3,4,5,6,7,
  2,3,4,5,6,7,8,9,1,
  5,6,7,8,9,1,2,3,4
)

# 002
# Generated by program- Unsolvable(2,6)
sudoku_clues_002 <- c(
  8,3,0,0,0,7,4,9,5,
  1,0,9,0,0,0,3,0,8,
  4,5,0,9,3,8,0,0,0,
  5,0,1,8,9,2,0,0,0,
  0,0,8,7,0,0,0,0,0,
  0,0,0,0,0,3,0,0,9,
  0,1,0,4,0,0,0,3,0,
  6,0,3,0,7,5,9,4,0,
  0,7,0,0,8,0,5,1,0
)
# According to the program, this is the answer
sudoku_full_002 <- c(
  8,3,2,6,1,7,4,9,5,
  1,6,9,2,5,4,3,7,8,
  4,5,7,9,3,8,6,2,1,
  5,4,1,8,9,2,7,6,3,
  3,9,8,7,6,1,2,5,4,
  7,2,6,5,4,3,1,8,9,
  9,1,5,4,2,6,8,3,7,
  6,8,3,1,7,5,9,4,2,
  2,7,4,3,8,9,5,1,6
)
sudoku_solvable_002 <- c(
  8,3,0,0,1,7,4,9,5,
  1,0,9,0,5,4,3,7,8,
  4,5,7,9,3,8,6,2,1,
  5,4,1,8,9,2,7,6,3,
  3,9,8,7,6,1,2,5,4,
  7,0,0,5,4,3,1,8,9,
  9,1,5,4,2,6,8,3,7,
  6,8,3,1,7,5,9,4,2,
  2,7,4,3,8,9,5,1,6
)

# 003
# 17 Clue Board
sudoku_clues_003 <- c(
  0,0,0,0,0,0,0,1,5,
  7,9,0,0,0,0,0,0,0,
  0,0,0,2,0,0,0,0,0,
  0,0,0,0,0,8,7,0,6,
  0,0,1,0,0,0,0,0,0,
  0,0,0,0,0,0,9,0,0,
  0,7,0,0,0,0,8,3,0,
  4,0,0,1,5,0,0,0,0,
  0,0,0,3,0,0,0,0,0
)

sudoku_full_003 <- c(
  6,3,4,8,7,9,2,1,5,
  7,9,2,5,4,1,3,6,8,
  5,1,8,2,6,3,4,7,9,
  3,5,9,4,1,8,7,2,6,
  8,6,1,7,9,2,5,4,3,
  2,4,7,6,3,5,9,8,1,
  1,7,5,9,2,6,8,3,4,
  4,8,3,1,5,7,6,9,2,
  9,2,6,3,8,4,1,5,7
)

sudoku_clues_004 <- c(
  0,0,0,0,1,0,0,0,2,
  0,8,0,0,0,0,4,0,0,
  0,3,0,0,0,0,0,0,0,
  0,0,0,5,0,7,3,0,0,
  1,0,0,0,0,0,0,6,0,
  2,0,0,0,0,0,0,0,0,
  7,0,0,0,0,0,0,0,1,
  0,5,0,4,0,0,0,0,0,
  0,0,0,3,0,0,0,8,0
)

sudoku_full_004 <- c(
  3,5,7,4,1,6,8,2,9,
  4,6,8,3,2,9,7,5,1,
  1,2,9,7,5,8,4,3,6,
  2,3,5,1,6,7,9,4,8,
  7,8,4,2,9,5,1,6,3,
  9,1,6,8,3,4,5,7,2,
  5,4,2,9,8,3,6,1,7,
  6,9,3,5,7,1,2,8,4,
  8,7,1,6,4,2,3,9,5
)
